# 
# number of interfaces
# 
2 
# 
# for each interface below, we give the number of points and then x,z for each point
# 
# 
# interface number 1(bottom of the mesh)
# 
2 
0.000000    0.000000 
24930.000000    0.000000 
# 
# interface number 2(topography, top of the mesh)
# 
278 
0.000000    4950.000000 
90.000000    4950.000000 
180.000000    4860.000000 
270.000000    4770.000000 
360.000000    4680.000000 
450.000000    4590.000000 
540.000000    4590.000000 
630.000000    4590.000000 
720.000000    4680.000000 
810.000000    4680.000000 
900.000000    4590.000000 
990.000000    4500.000000 
1080.000000    4320.000000 
1170.000000    4230.000000 
1260.000000    4140.000000 
1350.000000    4050.000000 
1440.000000    4050.000000 
1530.000000    4050.000000 
1620.000000    4050.000000 
1710.000000    4140.000000 
1800.000000    4140.000000 
1890.000000    4140.000000 
1980.000000    4140.000000 
2070.000000    4230.000000 
2160.000000    4320.000000 
2250.000000    4410.000000 
2340.000000    4590.000000 
2430.000000    4770.000000 
2520.000000    4860.000000 
2610.000000    4950.000000 
2700.000000    4860.000000 
2790.000000    4860.000000 
2880.000000    4770.000000 
2970.000000    4680.000000 
3060.000000    4590.000000 
3150.000000    4590.000000 
3240.000000    4590.000000 
3330.000000    4500.000000 
3420.000000    4500.000000 
3510.000000    4500.000000 
3600.000000    4500.000000 
3690.000000    4410.000000 
3780.000000    4410.000000 
3870.000000    4410.000000 
3960.000000    4320.000000 
4050.000000    4320.000000 
4140.000000    4320.000000 
4230.000000    4230.000000 
4320.000000    4140.000000 
4410.000000    4050.000000 
4500.000000    4050.000000 
4590.000000    3960.000000 
4680.000000    3870.000000 
4770.000000    3780.000000 
4860.000000    3780.000000 
4950.000000    3780.000000 
5040.000000    3780.000000 
5130.000000    3780.000000 
5220.000000    3780.000000 
5310.000000    3870.000000 
5400.000000    3870.000000 
5490.000000    3960.000000 
5580.000000    4050.000000 
5670.000000    4050.000000 
5760.000000    4140.000000 
5850.000000    4230.000000 
5940.000000    4230.000000 
6030.000000    4230.000000 
6120.000000    4320.000000 
6210.000000    4410.000000 
6300.000000    4410.000000 
6390.000000    4410.000000 
6480.000000    4410.000000 
6570.000000    4320.000000 
6660.000000    4230.000000 
6750.000000    4140.000000 
6840.000000    4050.000000 
6930.000000    3960.000000 
7020.000000    3870.000000 
7110.000000    3780.000000 
7200.000000    3690.000000 
7290.000000    3690.000000 
7380.000000    3690.000000 
7470.000000    3780.000000 
7560.000000    3780.000000 
7650.000000    3870.000000 
7740.000000    3870.000000 
7830.000000    3870.000000 
7920.000000    3780.000000 
8010.000000    3780.000000 
8100.000000    3780.000000 
8190.000000    3780.000000 
8280.000000    3780.000000 
8370.000000    3780.000000 
8460.000000    3780.000000 
8550.000000    3780.000000 
8640.000000    3780.000000 
8730.000000    3780.000000 
8820.000000    3780.000000 
8910.000000    3780.000000 
9000.000000    3870.000000 
9090.000000    3870.000000 
9180.000000    3960.000000 
9270.000000    4050.000000 
9360.000000    4050.000000 
9450.000000    4140.000000 
9540.000000    4140.000000 
9630.000000    4140.000000 
9720.000000    4230.000000 
9810.000000    4320.000000 
9900.000000    4320.000000 
9990.000000    4410.000000 
10080.000000    4320.000000 
10170.000000    4320.000000 
10260.000000    4230.000000 
10350.000000    4140.000000 
10440.000000    4050.000000 
10530.000000    4050.000000 
10620.000000    4050.000000 
10710.000000    4050.000000 
10800.000000    4140.000000 
10890.000000    4230.000000 
10980.000000    4230.000000 
11070.000000    4320.000000 
11160.000000    4320.000000 
11250.000000    4410.000000 
11340.000000    4500.000000 
11430.000000    4590.000000 
11520.000000    4590.000000 
11610.000000    4500.000000 
11700.000000    4500.000000 
11790.000000    4500.000000 
11880.000000    4500.000000 
11970.000000    4590.000000 
12060.000000    4680.000000 
12150.000000    4680.000000 
12240.000000    4680.000000 
12330.000000    4680.000000 
12420.000000    4680.000000 
12510.000000    4770.000000 
12600.000000    4770.000000 
12690.000000    4770.000000 
12780.000000    4860.000000 
12870.000000    4860.000000 
12960.000000    4950.000000 
13050.000000    4950.000000 
13140.000000    5040.000000 
13230.000000    5040.000000 
13320.000000    5040.000000 
13410.000000    5040.000000 
13500.000000    4950.000000 
13590.000000    4860.000000 
13680.000000    4860.000000 
13770.000000    4770.000000 
13860.000000    4770.000000 
13950.000000    4680.000000 
14040.000000    4590.000000 
14130.000000    4500.000000 
14220.000000    4500.000000 
14310.000000    4500.000000 
14400.000000    4590.000000 
14490.000000    4680.000000 
14580.000000    4770.000000 
14670.000000    4860.000000 
14760.000000    4950.000000 
14850.000000    5040.000000 
14940.000000    5130.000000 
15030.000000    5220.000000 
15120.000000    5220.000000 
15210.000000    5220.000000 
15300.000000    5130.000000 
15390.000000    5130.000000 
15480.000000    5040.000000 
15570.000000    5040.000000 
15660.000000    5040.000000 
15750.000000    4950.000000 
15840.000000    4950.000000 
15930.000000    4950.000000 
16020.000000    4950.000000 
16110.000000    4950.000000 
16200.000000    4950.000000 
16290.000000    4950.000000 
16380.000000    4950.000000 
16470.000000    4860.000000 
16560.000000    4860.000000 
16650.000000    4860.000000 
16740.000000    4860.000000 
16830.000000    4770.000000 
16920.000000    4770.000000 
17010.000000    4680.000000 
17100.000000    4680.000000 
17190.000000    4680.000000 
17280.000000    4590.000000 
17370.000000    4590.000000 
17460.000000    4590.000000 
17550.000000    4590.000000 
17640.000000    4590.000000 
17730.000000    4590.000000 
17820.000000    4590.000000 
17910.000000    4500.000000 
18000.000000    4500.000000 
18090.000000    4410.000000 
18180.000000    4320.000000 
18270.000000    4320.000000 
18360.000000    4320.000000 
18450.000000    4320.000000 
18540.000000    4320.000000 
18630.000000    4410.000000 
18720.000000    4410.000000 
18810.000000    4410.000000 
18900.000000    4410.000000 
18990.000000    4410.000000 
19080.000000    4410.000000 
19170.000000    4410.000000 
19260.000000    4500.000000 
19350.000000    4500.000000 
19440.000000    4500.000000 
19530.000000    4500.000000 
19620.000000    4590.000000 
19710.000000    4590.000000 
19800.000000    4590.000000 
19890.000000    4590.000000 
19980.000000    4590.000000 
20070.000000    4680.000000 
20160.000000    4680.000000 
20250.000000    4680.000000 
20340.000000    4680.000000 
20430.000000    4680.000000 
20520.000000    4680.000000 
20610.000000    4770.000000 
20700.000000    4770.000000 
20790.000000    4860.000000 
20880.000000    4860.000000 
20970.000000    4950.000000 
21060.000000    4950.000000 
21150.000000    4950.000000 
21240.000000    4950.000000 
21330.000000    4860.000000 
21420.000000    4770.000000 
21510.000000    4770.000000 
21600.000000    4680.000000 
21690.000000    4680.000000 
21780.000000    4590.000000 
21870.000000    4500.000000 
21960.000000    4410.000000 
22050.000000    4410.000000 
22140.000000    4410.000000 
22230.000000    4500.000000 
22320.000000    4590.000000 
22410.000000    4680.000000 
22500.000000    4770.000000 
22590.000000    4860.000000 
22680.000000    4950.000000 
22770.000000    5040.000000 
22860.000000    5130.000000 
22950.000000    5130.000000 
23040.000000    5130.000000 
23130.000000    5040.000000 
23220.000000    5040.000000 
23310.000000    4950.000000 
23400.000000    4950.000000 
23490.000000    4950.000000 
23580.000000    4860.000000 
23670.000000    4860.000000 
23760.000000    4860.000000 
23850.000000    4860.000000 
23940.000000    4860.000000 
24030.000000    4860.000000 
24120.000000    4860.000000 
24210.000000    4770.000000 
24300.000000    4770.000000 
24390.000000    4770.000000 
24480.000000    4770.000000 
24570.000000    4770.000000 
24660.000000    4680.000000 
24750.000000    4680.000000 
24840.000000    4590.000000 
24930.000000    4590.000000 
# 
# for each layer, we give the number of spectral elements in the vertical direction
# 
# 
# layer number 1 (bottom layer)
# 
66 
